0 5.72322 10.8144 29
1 6.36064 11.3486 29
2 6.77928 11.4867 28
3 7.89517 12.922 30
4 7.76444 13.3124 33
5 7.86127 13.98 36
6 8.15219 13.104 30
7 8.59829 14.6862 36
8 8.03402 13.5036 32
9 10.3087 18.2782 47
10 9.15541 16.4147 43
11 8.28267 16.4817 47
12 11.1244 19.9837 52
13 12.4729 21.4233 53
14 12.6752 21.2158 51
15 13.3255 21.1938 48
16 10.7845 17.8626 42
17 7.09498 12.8721 34
18 3.74392 8.74801 28
19 2.2988 5.98899 21
20 1.61754 5.84638 24
21 1.61754 5.84638 24
22 2.38559 7.40166 28
23 3.22314 7.39411 24
